495
2485
2238
2033
2355
2321
2221
5405
5381
5378
5356
5355
2031
376
1936
1713
3262
2394
2150
2036
2232
2149
1937
2234
2235
492
2034
1734
1317
1421
1466
1308
1256
1180
1030
391
457
426
489
1084
499
658
721
919
421
954
1028
817
1057
968
1025
1083
1233
1399
1443
1569
1706
1691
1764
1776
1857
1854
1887
2205
2147
2126
2137
2099
2146
2118
2006
1961
1959
1944
1915
2239
2346
2442
2440
2402
2395
2518
2846
2825
2810
2786
2794
2816
2785
2737
2746
2727
2693
2715
2720
2672
2671
2669
2646
2655
2585
2613
2579
2546
2857
2926
2928
4989
4894
4893
4841
4838
4836
4763
4707
4693
4678
4618
4615
4596
4575
4574
4504
4509
4424
4408
4392
4391
4297
4160
4159
4023
3921
3869
3796
3786
3774
3741
3726
3714
3711
3704
3687
3657
3621
3608
3595
3594
3592
3591
3553
3552
3521
3442
3441
3436
3372
3406
3369
3383
3357
3269
3268
3267
3222
3212
3191
3146
3144
3147
3106
3073
3063
3045
3036
3023
2983
2962
2951
2491
1911
5406
384
